26923
17477
17942
3172
4412
14136
16818
6582
7875
5738
2860
31525
29209
27711
19473
29134
14937
11686
31192
1287
7636
28962
3838
25425
29787
2189
2291
11687
21883
6402
23549
32354
30626
20629
7248
28149
11470
17037
24686
25204
20047
13174
7562
29339
8808
1155
17363
25557
14676
30457
2367
7193
21455
21346
18784
31604
7833
25794
7380
15426
14251
30834
8945
7235
30179
3305
13166
13481
20093
9604
11461
21603
20695
542
14534
30017
20
8910
6226
27880
9520
6969
22185
30464
21238
7521
32548
8934
17116
2411
2140
3700
25917
15041
22434
27513
27280
10545
23017
23209
