13296
32291
20608
17209
15704
3218
26178
25389
362
1852
9264
4272
13512
28474
3013
350
2134
3521
17800
10081
9947
16855
18654
10732
29345
20088
29303
10909
31629
9992
13577
8812
8384
20978
2703
22689
30376
26400
8772
24987
23959
2620
2421
3685
16057
7288
18829
5513
11144
6061
15030
23495
11745
19793
12786
23094
17386
28760
23564
27500
12365
19161
10680
19817
1152
6700
31456
18266
7220
22716
20023
14613
21631
31512
6741
30348
12263
5350
10771
26883
30557
9249
6304
29339
20148
19961
16793
17066
20808
7061
4426
22509
22848
10477
13617
25779
20155
5773
11752
95
4817
213
30948
5394
6239
18459
15140
4753
16239
13795
8352
5205
2438
2954
17665
4337
26547
23869
5714
14438
19868
1918
1865
29659
2161
22971
15569
4815
1589
21853
929
24414
19377
3472
16636
764
3492
12022
14304
11637
9308
20847
17
8811
22106
28010
9752
19062
14266
19095
14819
6406
3417
5811
29773
4462
578
22612
6319
14867
24901
15450
23330
20034
11307
24306
14773
29755
3286
32279
28002
29281
25202
31590
14390
6723
22974
6714
3366
29963
22428
3673
7490
6692
2301
28905
3552
6610
22799
2408
11296
5269
27988
24668
22650
21892
1926
12378
11125
22841
30640
28630
29039
26758
23944
13843
15617
15935
21364
16505
28530
20766
15965
31382
14135
15199
14202
32676
7933
20035
22227
28963
20863
4849
12936
23107
3552
10189
18634
1866
23744
32543
28426
11616
19860
19924
18597
30024
27323
15742
15008
1237
29878
1590
5711
24729
12901
11077
30761
27875
31877
19170
27268
16767
5843
18575
31148
11306
7869
21884
4605
12410
26273
28982
20183
20118
4595
7624
754
7477
10224
7794
11284
2630
15187
26904
18400
28962
17566
3217
10904
9800
27944
12178
25005
18748
22610
19046
18507
24170
23448
4882
8675
2968
17607
16794
8729
23394
23334
29443
9521
2068
2364
4642
20909
2245
29002
2580
24496
22730
2708
11898
28896
18540
1269
8344
11924
19162
28504
7143
3075
15445
7125
25656
23825
14199
11556
24014
9421
11819
20819
20273
27884
8759
28462
27163
18134
22416
20730
7383
10276
2774
13731
557
360
9028
8467
1011
5713
18321
12246
15580
27325
26163
15526
618
8625
10271
21396
14562
21068
9409
22936
21907
27696
26117
1709
28793
30425
16133
12671
19921
252
21163
5226
24812
24608
5183
20890
7775
10644
27930
4215
17649
18333
13816
24516
5187
24019
7110
4543
16642
16087
13855
21672
3009
74
10217
21209
29877
14684
3976
24143
19339
18568
8710
25425
6134
22346
30538
25110
20707
7516
23479
32186
24908
25287
18562
8640
30562
998
5261
22342
25366
22725
5076
1626
8680
14130
26434
29735
22238
15636
8975
20513
23566
19588
17889
28672
17411
17580
14265
31354
7988
22357
12930
8146
17154
30512
17280
22190
28418
13404
16818
11200
30989
7569
22639
8335
26844
25397
21617
7020
31260
27606
27269
4970
13693
22311
4843
10496
6216
21209
30967
15851
14547
32763
27883
4692
6731
31161
6453
4153
26731
9368
7689
5271
30424
6817
4751
16024
2720
11245
8129
26689
10200
1210
32223
4614
187
6724
8590
16097
21963
8162
3404
6598
20378
20364
14191
11218
14903
18493
14634
12295
24315
23565
6479
19571
27595
8319
17723
22270
4265
1218
13389
25006
12760
32683
21122
8854
27044
21390
19492
32681
29509
3415
5995
7975
31010
25115
13629
3751
5011
30293
25800
12170
12172
12402
19948
28075
9390
16794
14056
24701
20796
2025
28380
27702
6188
5303
20462
20970
7315
11691
29419
24786
15755
7737
21448
14979
19064
18610
17943
27984
29974
12582
32117
25626
10755
22276
1105
5307
23472
19206
14292
6509
1838
1428
24707
29920
23432
29922
18057
8307
9475
13959
11613
25246
15470
12585
6455
17709
11630
17027
24554
12261
10071
27198
26213
3915
23793
30800
29751
8322
1213
24858
6541
5993
17084
6251
29775
18524
24199
16748
30064
15749
7866
4840
5286
29170
26565
29676
16918
32670
6871
14873
26796
15373
16771
11331
9818
2179
6744
15162
10476
29877
18604
17855
13387
19621
12488
27460
26405
31311
1580
25499
6948
12837
23060
3823
2944
22868
20280
7391
12729
18004
29035
26040
19688
18530
16655
24063
21004
24979
18526
26338
8225
3719
26500
23642
29541
14781
27711
17164
29176
12045
9137
24048
3225
17510
16127
10670
5034
12689
993
20948
25669
17025
18137
6206
11395
27583
5330
15387
19366
15872
16152
25809
7229
1751
22299
25292
29632
5880
10148
10769
4180
13706
18530
23947
4682
1112
30719
10962
4167
384
10177
9218
21257
5459
18843
5775
20196
4111
30221
2710
20956
29683
8527
4041
12926
9615
9156
20709
12648
29393
11769
29859
8032
7565
23109
9044
5586
26721
5008
6659
2497
11786
26997
15672
18736
15580
19856
29225
7354
9582
31136
11341
17221
6173
26687
9544
19184
6099
26557
30110
1163
29173
12249
9515
25863
29314
4790
2535
26337
23748
32324
28981
8259
16430
24889
12370
30958
9269
28786
2134
3256
21780
25145
16973
5434
12597
23934
20587
29486
11682
5744
13374
30072
22982
1411
2476
11235
4268
20449
28802
17782
27246
11458
19342
32425
24787
3694
32497
16223
8020
26438
32424
2328
14020
11286
9584
2896
596
31560
4448
22496
24402
10847
5268
18549
7911
4133
4348
16222
4816
25176
23705
2367
20719
10657
21567
12754
30368
23402
26584
21516
5130
16083
12173
2652
29965
31722
29091
18635
10803
9515
26745
32440
5297
15004
30301
9419
22243
4668
32564
1340
28056
20040
31872
3514
20517
21125
27519
4042
18578
8348
2134
26943
1414
17646
5749
13458
8474
30396
23184
22722
26730
24583
12904
8709
17612
656
30193
20130
17864
8496
2038
25617
29377
9035
25048
2167
24096
23852
12294
12250
25788
8407
10457
28606
24802
13795
27747
32419
9151
10498
28139
9392
20368
21263
19137
30961
16613
18756
17628
3534
8373
31285
23572
23505
14942
3656
26369
9673
26716
18498
9470
26059
16560
3561
24054
2307
22742
1875
4152
6041
31086
24670
23818
26231
26210
20723
11879
4203
8357
22412
26902
28119
26005
24646
15037
11290
4038
21983
23801
10463
3717
1878
16888
23702
17518
26138
26686
1399
6828
22030
32754
9730
10802
27766
32379
6394
26617
20828
17073
9172
28267
29168
25157
17115
25331
