32348
32236
28112
13663
18437
2500
16286
29336
1431
19954
6895
24737
13615
27691
21171
17099
28443
3694
2375
27313
11012
20236
20140
16741
28877
18004
31198
6042
12324
26892
28414
14291
13608
10071
24617
119
23184
28546
5585
9919
26115
30884
10472
14755
20250
3768
11650
31947
17283
27386
2088
14514
25740
17688
18641
15753
14066
29420
2689
16551
15150
5546
27406
1167
10
24600
618
20210
4536
28068
19273
26365
3654
26193
11323
736
24396
19923
31296
9670
6020
11655
7375
5494
12724
26583
5071
14006
1806
29178
29970
12308
9146
12016
11992
2701
19764
24928
5509
8508
9306
14075
16526
1321
32679
26285
5579
7956
2402
21721
16434
27695
15992
30811
19025
13804
27585
28771
9388
14046
778
15858
3119
6311
21178
23940
18741
24943
28661
6693
9460
20576
2469
31506
11810
3283
17961
32457
24052
25241
25172
21519
20495
13882
21876
24519
13073
24932
18044
21325
14228
32635
5590
22630
18172
6343
32067
4182
22717
32504
4162
15071
17901
30200
7597
30855
4958
10688
14885
6934
7807
20115
14773
15916
1906
350
5771
23197
9617
11222
17737
410
26315
21816
11680
11875
3415
7056
17916
21010
21650
222
5491
26986
2184
23458
4279
9930
23705
4698
30021
16738
13498
21138
19952
6836
21462
13863
23294
12261
10095
2066
2334
25361
8960
9933
9276
12727
6933
22447
28354
16011
26252
13303
28856
27113
5092
7440
18846
22838
2171
576
30676
13788
16522
29819
2262
26590
29413
21778
15650
11586
30144
24904
24747
19408
1350
26506
15931
29107
17772
30214
20183
21656
31862
19588
17952
7644
13443
11942
16255
26896
26763
22380
16433
5998
28345
23186
30960
5961
617
23439
20184
7718
8715
22091
12859
6569
23182
21706
26764
27483
18918
23152
5506
21120
11692
5951
23305
32656
8711
12874
18812
18373
7836
28612
20398
27871
32109
9060
15417
245
6485
30272
10528
16976
15931
23923
20890
3804
15145
9960
30518
20903
31997
30662
17303
8305
443
22522
31985
311
4646
18658
8319
11260
26078
3946
19504
4635
25319
26805
30398
22802
2442
6208
27551
14325
24431
20116
4248
17934
7910
16008
9019
11531
24751
11553
32583
17548
7840
25042
31677
294
5001
9545
11787
11503
19680
20810
7571
24299
17850
1824
8585
32686
12786
15023
1192
32053
32751
21439
23978
2971
14854
4813
8183
12913
30367
2556
7734
8375
30997
12283
13048
28545
22299
21055
20872
2238
16129
31076
15856
4821
11883
12963
4812
26628
4593
4099
30368
23546
19791
18062
15049
12230
6802
15498
24824
1748
8209
23375
23667
15137
6918
32177
10599
31873
7976
12571
5810
11538
8955
14968
27233
10197
18996
22922
15554
666
6807
26651
5245
16085
22699
25041
5982
14704
17096
12540
6999
16922
30088
3470
14692
8262
5590
20082
28121
338
24517
20247
18111
21323
9337
10795
10062
6946
11456
4321
23329
7808
13518
447
25050
24995
14419
5900
21563
3825
7209
29033
25658
25010
16722
15562
5757
17651
22319
5058
19390
32043
28441
316
15694
1356
29269
24224
13504
26459
9625
3851
21688
15862
7719
13434
3310
9371
26920
5157
23934
15884
20590
10174
32457
32433
13933
31134
11240
15033
323
2807
1547
26395
17194
13060
5827
12508
26624
9727
9599
23476
25241
68
17431
4420
23730
28958
4082
9184
31263
21118
436
337
7694
24216
27642
6622
24712
19884
5906
22497
16560
9106
31971
17180
2813
2726
22322
14093
1325
5867
19377
8714
4590
19533
29991
4234
31533
31034
9138
14901
4041
1683
17867
25772
31181
11060
16624
28709
26318
6927
11784
19354
17787
26829
4574
11184
20219
7080
28296
16330
1564
18651
22052
9207
20497
13821
6811
3847
28996
22863
9553
14381
25133
12575
9646
8014
26285
17303
3217
9955
15654
11714
29737
32491
6691
18936
3373
16016
14392
12268
25853
28246
4561
22145
3018
11224
7306
22636
16889
5734
10397
8834
19537
31930
29658
17138
30299
4389
19244
32284
15340
17803
29480
26203
15066
31738
3590
1327
3262
26310
1728
21341
20087
14969
13857
22039
14148
32372
6622
27465
17479
27780
27429
7501
19195
31214
15013
21412
2515
6308
27703
20397
9046
14698
2222
8440
7485
16346
20112
8413
25080
11605
24906
28794
3436
22820
31216
9459
30061
29200
10155
31903
22790
15157
28077
9346
4224
30634
29052
10894
29846
29499
651
14684
25541
20973
23832
29304
28239
24996
2955
5100
17949
21032
23828
1461
27077
24057
11208
11418
2516
31985
26326
3085
23044
23024
30095
16570
6569
22705
28528
20816
9529
3195
7323
20251
9087
6101
23532
454
11886
27503
1775
2687
25842
7541
17919
2817
14980
1261
6307
12614
15242
15772
10138
5722
18837
10203
26685
17382
21808
1218
31866
2718
26019
20843
8383
6798
11737
8983
5283
3444
468
21814
9862
25614
29611
9260
31418
4864
2708
8993
7091
10995
27066
21813
21336
26362
23820
6101
22832
10168
27100
3290
6486
32123
16318
31656
3458
5847
21201
19334
4914
3500
22128
32405
2785
5953
13
1068
10817
22979
17243
24145
15577
4856
189
13077
27053
1989
29926
24907
14808
21934
23560
18710
3132
1647
11295
132
9298
24045
12705
28609
17211
3969
11734
2272
31819
23285
16243
13489
9368
20950
3651
1156
15238
2347
2867
26448
3819
11289
23554
19241
18905
1061
29465
18360
17429
2227
18748
15629
23857
23629
29658
6327
13862
18650
11678
1680
12052
6204
21039
11223
24313
29638
1138
12205
18807
29945
13837
21771
2136
1193
13795
28881
25591
10539
30471
9445
24350
22935
8767
3670
2999
24140
31162
29416
665
23473
26827
6982
25113
9942
24733
11311
29193
28148
29004
29005
13148
8719
12853
22912
14300
1411
8492
31336
3929
20934
17460
29073
13241
5184
17215
508
31070
19070
25455
15979
11396
16842
26600
21466
19405
10802
22232
13195
7611
4668
16995
12510
1871
31524
22075
3114
17939
25157
24740
30069
5106
15952
5208
31111
12690
14410
22818
1764
3095
30650
4391
23660
1434
31150
19723
13753
11435
19655
19676
10923
31705
7087
17726
6919
11970
5763
9075
12633
28039
564
21117
24444
2426
780
20527
3704
6984
27892
20469
14841
12495
7370
18772
22687
21126
32662
3725
7592
15832
23333
1597
17135
5584
15233
22175
12870
26966
23512
1216
32402
29085
9657
21395
30748
17730
19747
27560
15458
5347
30775
11089
8271
20333
20694
14532
7196
19975
28508
9000
29792
32570
29019
22455
382
9438
6934
1158
7655
28562
2089
65
1831
14758
25637
5754
18342
15825
3416
11945
10311
8410
27049
7017
20462
23893
20397
16445
1660
25236
12995
16308
1096
24801
4788
3542
12282
917
73
25990
1070
7008
2616
7694
31732
2772
7814
10842
15787
21464
16948
11513
25436
29155
19224
21636
27739
31300
11048
767
29371
7127
26059
7183
22692
17586
14602
4113
8274
1128
27974
27334
18891
24261
12442
7009
18754
21127
22941
658
7051
32589
29668
8321
9222
23131
26050
23698
18808
7014
2631
30440
13946
14905
15611
15264
11556
14826
26696
1456
1170
22926
13734
27750
28221
11662
8052
11097
711
1993
24024
25170
12448
13735
7071
866
18625
5844
28021
28898
18214
22953
2737
2105
5671
13956
13401
5223
4783
26328
5874
13683
12471
24878
22385
29218
14055
15191
2685
15100
21645
9944
31564
22952
21033
21297
28703
23470
13740
23934
16789
27041
27580
18574
4107
4331
31804
1855
22799
17730
15220
2214
9247
17357
2119
16050
28439
32093
12146
5871
801
12819
16406
1388
8449
8383
14019
26365
11207
14932
5462
26548
6779
24152
12189
5969
25676
4154
32039
15087
15951
30321
17906
18626
24030
19474
4001
26629
26987
4466
4558
16605
12187
9382
14490
17012
1607
25931
17776
340
31965
19157
1497
13517
21184
6399
18399
23059
17570
2086
6774
32678
13511
13257
9742
5534
1951
11909
19657
29994
28364
15143
18556
7594
10653
9314
18287
6121
6694
21503
21052
9872
5626
3601
13880
25012
15650
16162
31086
844
14730
24842
30473
7405
15379
18810
8772
24564
18425
18860
27607
16834
32388
18080
25198
21296
5312
755
29565
25993
9171
11104
28023
20878
26898
28130
11881
18674
16895
6039
5744
19112
2482
12138
11133
24330
18175
24692
7277
4459
9706
22625
9536
14414
17712
31475
5064
31431
24314
5568
13170
7805
20004
25567
28213
9065
3925
24006
13105
3976
27069
5677
16783
17908
19155
2412
12023
13784
5888
19939
7244
7159
20804
5202
21694
12658
24112
24694
1186
22832
11856
15637
24217
18823
3981
15348
18569
23404
20581
28212
13671
14061
22602
6368
26867
1376
517
21697
9535
7172
5782
5815
25956
22215
25313
23726
20317
8725
24657
14699
19054
15637
28591
2718
23785
6718
14571
9244
690
18925
16276
18060
22977
11796
25063
23065
28096
7492
13595
17011
23390
7820
14185
8957
11735
8156
27607
18465
10016
22623
28394
32243
9982
4349
4068
24896
1878
21138
9977
29976
20655
25150
6436
24172
15095
30835
5185
31427
18895
2750
1802
22006
25160
15280
27487
1965
15270
16722
11342
3802
10482
31757
2220
9018
32764
6082
7378
29865
21797
14911
22852
20701
8409
21828
12054
371
17360
17926
30498
10366
14491
9186
646
22877
15675
11586
9472
93
12827
24349
2408
14969
14405
29503
30013
19067
8468
31880
3762
8537
5662
19737
16818
15230
2034
18633
12377
22660
24996
2660
614
11706
21392
18927
15089
25299
23547
27213
12659
14185
5462
793
12150
9038
2527
25159
21642
21492
29201
5872
17479
18240
851
32038
5795
19977
27306
24080
11333
13241
2418
16243
17868
1001
2917
21139
31796
24747
8662
11298
14244
4206
28688
23414
21580
27085
25654
15421
3072
31557
4042
25220
7045
32721
10463
8105
26227
22219
22470
23423
13379
26045
3174
21272
6634
3395
999
32037
13459
25237
29331
27833
11773
4791
571
15242
8454
24479
7247
17521
8700
19498
2139
19070
20805
18875
15325
23869
6848
23137
20521
27311
11643
15918
31329
19798
9370
18181
24385
31714
2104
17013
27470
27890
10381
1363
13773
24337
10062
6677
31845
7703
6947
25138
2211
17128
19621
4684
4689
24113
7603
30840
27857
21115
17643
23400
13495
3986
28104
11253
6430
18053
25315
26553
17658
8604
18225
13437
7888
2679
18998
23164
11831
24883
11779
31074
16113
27481
25059
13142
5854
30102
6556
2858
5335
27223
9130
3240
10499
19583
25205
10488
26472
4551
28889
32415
6236
29873
15210
22500
1783
5167
21964
25197
3501
592
2653
2848
4593
4583
231
25894
20255
11476
13641
3256
17906
20513
19280
11085
28501
29950
30319
9522
7396
25222
27599
3100
10088
24975
14111
5310
2507
10733
20275
24804
28537
8989
30150
29013
23371
26204
22221
24291
24329
30164
25320
17867
18038
9766
9943
14875
24489
28506
17496
16883
23863
30928
30477
20298
24586
1982
885
7356
10404
29531
9398
32062
18806
10079
7934
31619
3561
26892
13254
23308
18425
21739
24536
14756
23334
15148
7953
28405
14914
5344
20778
24725
9401
13690
1011
29635
9655
17162
26143
18377
663
23489
8497
20086
547
4335
22809
10626
24798
19475
6229
7155
8382
16800
7293
5481
31274
7418
4308
10714
25054
30230
15614
8820
9496
1009
32050
8889
20035
23597
13998
10640
26159
29642
5445
12245
4175
22635
8248
302
6421
1750
136
4740
24142
5780
1057
21522
15885
8211
2975
20842
16707
18076
2663
18946
30121
25929
29807
32649
15884
19451
644
19388
21819
28611
10926
12151
30858
18849
5892
17399
18284
12342
27173
22979
14859
18578
3325
5263
26320
9752
11721
9755
4456
1667
8719
20203
18751
2783
31321
12064
10702
13717
29545
5499
6083
18797
20691
32511
27924
5198
25871
30087
3856
1321
6963
31450
18384
21718
20958
26920
5945
31000
15070
1973
16522
27921
18280
18890
14024
21439
31479
5779
21042
9414
3051
9614
27546
27340
20251
7166
7577
24428
21026
54
8944
25693
24347
7116
8184
28943
22812
6182
5325
28566
32437
29445
27437
9600
21626
14414
24815
18260
13827
18607
12926
11121
17622
25914
3962
25344
28460
3610
28176
12454
9412
26761
21758
13534
4119
2506
31000
22208
653
16762
84
17551
21252
25354
26774
4529
17991
8912
22406
17060
16528
25718
14750
1562
15552
14930
3232
3647
8513
21983
22696
8517
22901
26758
24767
25896
23766
6943
12045
19059
30504
15346
23199
8408
28067
10152
21730
270
29734
15688
24215
19751
25701
25506
30876
30551
10237
30885
20007
828
782
23819
21018
28754
21176
850
9964
10643
12870
14434
28195
28568
4353
4948
13636
23713
28057
11915
31617
8030
4977
12439
16510
27155
12880
18467
14557
2323
27525
10567
11398
24676
8814
11682
14976
20872
31251
21216
4287
12691
29557
19045
20164
29116
7666
9879
8886
4970
18184
14212
26850
3891
2461
16333
28981
3944
21011
6921
16591
6604
24002
14644
17170
9697
10685
3667
12332
27388
25488
11316
15792
5039
27850
31909
30185
18061
4064
22577
11220
9086
19904
16341
9
6078
23007
732
4346
24341
8550
235
3517
20200
4952
19166
29394
4452
32256
934
19243
19379
7326
31860
23190
29057
32624
19313
9152
15950
15848
6926
32180
26645
28681
5257
27844
3056
1430
24429
18580
3570
24805
11965
13493
13718
15593
3124
31068
24046
25023
907
16898
15169
25127
11008
21794
20301
4586
16893
1350
25099
28504
20889
12705
5276
13299
18813
23609
32038
26956
11170
29230
22562
27311
17376
28885
24821
8823
25060
5521
12437
10149
1837
21109
21094
28990
23467
28395
16440
21654
5911
9470
27699
13974
22724
28979
1683
16388
26655
3567
30352
14429
15782
11656
5308
26849
13521
24112
25765
15386
28188
4699
27720
10865
2615
24229
29146
25523
19740
7546
26319
27031
24195
8109
19180
31957
18650
7071
16419
30822
12266
19978
20203
25350
26716
6291
11579
16159
22164
14867
23420
27550
2990
29717
20128
8273
25172
15215
5359
4378
4262
8652
30941
10162
22879
6113
26654
24506
28749
29507
23034
32757
29113
30588
14957
28456
365
26860
9813
22865
7927
15306
6163
21143
26815
3783
18712
3513
3231
28385
9355
21162
17117
6116
6912
21675
25759
9917
24639
7465
11905
24012
11136
12147
22155
28992
26068
1053
18524
27933
10050
8656
1658
24010
17583
32434
4059
10764
7541
5113
4625
18750
23596
1926
10318
14201
13379
22323
2915
17994
26643
1727
9038
7182
1543
4635
22843
2744
2277
11343
8926
18889
23563
11667
16298
766
6033
20351
30569
25033
6884
5109
4926
1375
28937
10073
8099
11378
18847
16564
3395
27781
20402
2337
31418
1385
29625
7991
2818
28860
28298
18105
17370
27134
18104
11928
10915
3157
29193
31025
11289
16714
2614
10360
14989
13064
8583
23293
23244
22908
13545
18911
10755
18560
1677
14446
28702
25849
23513
17110
10038
1266
1767
31719
12185
7382
19700
19478
30584
15448
26466
2545
30412
402
28194
8810
10817
18395
18066
26310
707
32747
17964
18699
15614
32639
4821
14007
30248
27058
26596
1677
25036
19573
24741
7081
20069
229
22906
3066
27321
19015
18352
12480
15644
18157
3807
8109
17050
26771
25499
1434
30628
30228
24998
32635
13713
607
19580
15658
27790
14448
25704
11567
5288
30236
19369
30009
7478
32068
16224
1642
14413
1441
17877
25391
29543
10637
9973
21503
21831
21300
6208
18733
29653
17151
9996
17252
9587
24687
24964
23141
24273
6124
25522
24374
28745
3976
20060
16665
10811
18209
3981
11697
23975
13293
12043
10519
28715
19919
456
12194
21708
24229
18529
12372
1746
1052
9998
11551
6073
19855
2383
18309
11474
13659
6477
23737
5556
2657
12267
2756
5708
1869
8814
15610
7252
7985
3204
1416
30431
31775
2388
11936
10042
32436
4408
6477
26614
771
31877
14052
24003
29369
29414
4296
5966
15585
4489
31113
15545
27124
26517
10127
21638
22285
29932
3421
12790
13174
11189
15410
13806
28620
24325
28456
21099
17712
9022
32735
22023
860
21840
19571
16836
19202
3918
438
28859
19809
21356
32569
16669
31357
26704
5122
22093
5894
20052
13951
27137
4156
32090
28747
10561
7121
29520
21342
7243
20565
13119
6597
3881
30379
3222
27460
2333
4550
3718
22507
9291
28175
29248
2014
22033
8670
13348
19526
24951
26888
21732
28470
30610
19516
11998
7240
24754
27900
19182
1456
2554
7028
5054
26401
19914
13820
144
4421
4801
26028
11252
16385
19889
29528
19262
7513
24515
23015
32741
14055
15571
4996
771
27482
13018
22273
15322
13050
1524
836
14740
23389
1705
25651
3566
12683
28880
17752
24169
3199
6170
5889
32553
9890
30575
23514
29938
27083
13660
24036
32283
23277
13008
13577
21
8913
8040
479
31598
7375
5350
15207
5278
12890
401
2
14790
12866
20022
32168
27477
14875
2618
5690
23439
15618
2415
31379
31127
30769
13540
1016
26125
8682
22839
30780
32067
32738
1755
13727
11140
7382
30235
5464
6553
26832
29026
30181
17070
25390
11690
14845
19512
6093
19915
826
7390
2729
11958
26612
6273
28678
15433
1654
2739
5143
11388
9351
22339
19277
282
4120
19404
3357
8782
30664
2542
14494
11548
23711
9608
21846
15519
13540
13422
22109
5283
32107
16021
22654
22554
25444
785
7845
12166
21327
14859
18242
30098
2400
14097
29665
24252
23472
16452
27914
24677
20064
21503
11511
22969
12678
31098
28969
27024
9068
22582
2769
21167
712
29846
17242
1302
17568
4513
16291
11600
11463
27649
3663
16663
9514
17132
26940
10439
25961
9041
15669
13092
20120
9345
26754
26700
12010
18367
10156
27216
31187
16048
19255
25066
30830
8956
29302
19975
27795
32579
19438
10569
12812
20828
12083
2644
26394
12883
8138
14823
15499
32612
19428
15497
18
26140
26690
28247
24435
6446
23807
14238
656
30570
7797
26090
12854
9685
2939
4790
18501
22568
30607
8206
10119
18225
8651
15811
31956
8225
6708
4742
26632
12652
30106
8287
30241
13645
30336
32569
7131
30640
3192
16360
17298
28468
31969
25168
3785
31566
5032
8618
29167
14613
19963
18725
16525
10628
25850
8902
13027
5346
15335
31927
9122
4282
27762
25779
27900
28850
4934
5052
25661
389
25755
7759
9845
5183
32499
18295
10189
18608
29595
5376
4198
19358
15027
29544
23644
20902
14646
15847
17654
11844
19023
18535
2573
1945
32272
1708
21424
6231
5682
2463
17739
7060
26830
32173
5734
11489
7404
6818
14682
29335
20719
6343
2000
11537
31880
1196
22898
10457
31888
1506
29566
6308
26597
9830
11479
9520
7953
29052
10649
18197
26489
30353
23623
3648
26428
25205
17197
3259
9350
2830
8050
19678
22705
30241
14392
16055
11110
21017
15870
19084
22327
3192
22842
17698
1970
24040
1910
31648
5149
16249
16959
1872
20037
13640
23378
13701
23841
18035
19195
32516
4717
3476
6056
17007
9249
13793
6337
18255
18644
29953
25753
15694
3336
20579
17156
3553
27396
3164
12978
28024
358
30608
26641
1122
12
25801
32379
2468
3286
2417
1512
4793
26754
22416
910
5689
18334
31257
7816
19970
4998
3883
29361
28544
1433
10928
10523
30069
31178
25299
25978
22190
25204
32031
8760
17640
10050
7683
4186
23650
28726
6674
20043
29106
9708
19162
27885
31091
18802
6790
5992
21411
8371
381
29155
8309
9191
17315
11368
7562
29540
20658
1844
8550
24735
15093
21511
23905
23001
28568
15220
2123
6281
753
28440
24876
15745
4503
11046
32475
13251
3194
18009
18244
28870
3820
26055
17469
19204
6320
7771
11475
11215
28948
9034
8336
4688
6663
28664
17453
15091
999
22267
19996
24282
2523
20128
10750
938
11302
11399
2190
20281
18805
24275
9028
901
21827
26782
12459
24255
5881
581
9479
7532
18954
31193
17383
5742
18584
17193
4307
25989
18745
2736
31163
7075
2742
3851
20177
15185
6848
1422
1195
5847
20797
9387
10354
8985
1118
29794
30890
9532
14066
31346
30502
3311
30305
8231
7204
11163
8989
8741
18433
23506
31306
13314
7364
9878
5242
4300
5208
15531
23912
30397
20255
16701
24963
2262
15079
27001
10476
31668
3150
30699
5321
29898
12226
11487
10425
15805
285
25336
9718
746
3958
14393
32319
10945
12299
20219
4844
27984
20314
20269
27488
11432
1701
30316
31363
22473
32090
18813
22279
26960
8304
25602
31494
5446
28183
30732
1649
14422
14008
2342
25631
2902
1890
1011
2081
23624
16094
2369
25699
29439
7470
30695
2212
6313
16270
15393
16767
22182
18884
1783
905
25405
3922
8485
16126
13671
9813
25110
19405
9191
24664
31354
12061
29392
22083
32396
15255
21624
24150
2801
4328
4467
22175
7603
5515
11135
26937
15812
22442
1486
14762
28491
28957
27966
17964
8995
2838
29185
27071
16882
16629
21544
18703
15571
32272
28794
1295
15971
13231
613
27647
26243
17511
4328
8185
23317
32702
22214
13082
9579
17544
28362
15880
20581
28921
12526
6195
25384
11839
22282
7027
14236
9021
19210
12096
13158
15026
14849
19867
14841
26031
30176
5812
23100
20718
28888
5753
12790
13983
24176
22016
27474
11545
7060
14264
16341
24857
1163
3230
32407
7039
27697
14061
10059
2482
14105
27524
31736
827
15727
32184
27104
4980
28050
19053
24586
29683
31845
7174
27838
31240
28582
13890
29032
2946
21142
11383
31476
25441
9639
11890
7083
13853
20982
17710
31992
11696
9853
9088
31472
24625
1585
20325
16454
22495
6747
28675
773
23430
31015
10448
14423
13480
11289
23111
9500
29194
15891
9091
6515
7825
32431
24509
10736
1195
5558
32668
14826
1355
8101
19996
24537
27052
22477
7415
19636
32451
3612
28127
27510
21582
30863
18854
231
1009
31398
29563
28269
27246
4354
23935
6911
7553
12934
12594
8687
10956
30730
4158
9715
18203
30881
18870
3086
8632
25654
28855
10032
2655
4410
6000
24088
9491
20019
4970
28956
9302
24712
11193
11947
7281
27931
26090
14708
5972
11815
23855
30768
17848
642
25017
30885
14783
19678
11255
777
5662
22245
11384
18076
1190
20661
14924
30441
3157
20904
3910
5180
3382
29871
22264
25797
25414
22443
22862
12721
2762
9486
2236
7678
17608
26820
19814
11417
5910
29521
9208
7384
19969
18198
17111
22896
31088
27459
10147
23686
5964
9080
27352
26780
5543
14789
1845
1234
11606
8729
27770
24470
17214
28240
2365
16904
23686
2299
28351
24441
20453
32469
31539
28929
13716
18584
12265
12117
10671
22691
29344
6958
5227
11155
2572
20394
23069
19155
12529
21765
26418
12650
26502
12450
5755
17264
2663
7585
30367
7574
5487
30819
26599
18486
32491
14424
23111
3755
23185
14318
14148
9118
32471
9320
17564
14639
25722
16059
3574
16077
22781
26658
12626
11302
13159
30874
3075
24523
21467
6926
30859
12895
16642
3678
3227
14859
25030
19406
6243
14436
23636
12151
30810
12198
4864
4566
17328
2889
5670
25892
15169
19119
17600
19267
29675
30682
17064
27292
21119
20788
23515
10406
24734
23552
19141
5500
20705
15195
32116
27746
21029
18172
4339
24502
18377
13932
11484
17140
23336
28207
28234
24165
3469
28623
21957
6687
9897
18738
7835
8982
10669
18101
17132
22080
22200
2340
28046
17663
4029
3884
26176
4901
12598
70
20325
16929
22580
27976
21990
10053
28977
7021
20084
17531
8739
24277
7296
23941
728
21506
28550
5929
17004
7398
24258
25039
32763
23635
31348
3016
16195
27594
20641
14012
17502
10849
3396
14731
1213
17764
24014
12586
26217
10362
9130
8657
21678
16163
12363
14079
21751
26715
28252
2880
25351
7947
18900
11033
9389
12266
32695
25763
23197
17152
30235
7394
5026
16532
22501
17278
13362
27284
16142
27452
3086
13847
24097
28521
13607
14272
29117
28915
4194
15118
17224
1636
24085
26056
26627
17609
11394
23464
13196
30700
24661
5800
18693
5145
9683
6376
21077
31506
1263
7014
408
20574
2722
13660
30056
10113
17133
12262
32576
6282
14949
28807
25577
4628
13183
12613
1695
19761
6272
19840
17932
4440
17740
15243
26051
2649
10641
11628
18243
8540
32263
6739
28787
19476
2596
31568
2138
27423
27619
22365
19634
22581
20892
30064
21909
25485
25807
30720
31432
6893
30059
27748
22829
17466
5694
6521
8414
30602
16196
22880
2448
3809
3495
28517
30306
27797
25030
16159
17285
6893
27351
30779
8522
21178
22430
6847
16799
26259
26330
9043
22160
19620
30918
26979
13876
24378
3195
6815
1365
13866
19670
10034
8379
5483
273
12059
14922
2327
8727
13254
19616
18011
23016
21153
4419
30106
2191
8836
22213
26612
3823
18277
22431
15830
20437
28763
799
14695
23651
11025
5907
5897
1381
29629
21494
25206
30468
30046
11454
10270
28989
9847
5167
26682
21942
32045
26363
13101
9144
20315
7014
754
10991
29683
1743
22471
4014
2626
17054
23711
31516
18596
20009
13590
27793
20611
324
25380
109
6094
29797
18704
31635
8153
15889
31669
31511
18655
26194
18738
18649
27132
30645
14828
23558
17231
13364
24902
24492
24064
8358
11426
3754
31187
22978
28515
31993
4131
5794
12792
26285
14803
8599
30472
30546
17720
4923
17752
21874
27342
17061
8554
23812
20221
28959
28782
6907
10652
2401
31359
27700
9502
29994
19582
7001
12231
22127
25447
15231
19965
26945
1882
31699
12479
30358
13938
8425
24144
7851
10133
28974
21186
4818
15640
19665
19752
9473
5784
31192
3734
19746
16263
23135
23800
18556
26560
7353
3834
30320
23581
8480
26512
16421
30386
28489
26053
15508
28519
28697
9665
17815
3546
4868
3100
20133
31647
24101
953
1194
24246
10136
6851
7595
8531
10256
29665
26046
31283
23492
18618
32528
14771
25570
22572
1920
16331
30460
23626
8463
4693
23159
28412
231
28779
9395
5062
25285
6489
20262
27226
4508
24364
7542
30437
27526
26862
4174
5231
14409
27984
29647
26373
11107
15132
19095
23783
3240
9448
9591
25801
28001
15145
13311
32725
21098
2459
21980
3462
2606
3162
13501
15649
32707
12922
14926
2516
1105
14669
12181
6645
19
10940
30875
11804
1036
31100
24398
8945
10693
26624
10141
32425
17375
13355
15948
19299
6752
14694
10027
17137
13210
27864
10336
30029
14999
24904
32360
9553
6068
27461
22336
22666
2025
694
17359
639
7586
15493
24712
16593
13726
16865
18531
11189
16723
29321
18765
1016
20862
23427
13401
2054
32657
9821
18248
2567
4582
17137
10144
6047
9771
9680
22697
28966
17109
25722
16953
21292
17393
18008
1314
22185
11221
30277
31768
14198
20861
11161
31345
15077
24930
1400
24216
30617
1324
25425
31075
9181
20091
7305
3559
26672
31519
23263
10260
28810
15289
6403
22980
30284
18511
24957
31655
24660
22697
2994
342
26699
27150
30017
16755
4516
19575
22059
27355
31524
15221
11568
23869
31687
31205
18891
24488
25908
30298
15653
4710
15695
21449
343
5632
3558
21406
31619
3613
12822
1205
11752
5939
29268
8251
19037
30473
8856
23270
25852
10163
4806
14200
24707
28150
31877
15755
13320
20539
8252
25268
16678
30997
5126
27401
23089
1591
25322
19034
9447
25306
5969
28791
17094
1598
10080
13504
31644
28058
22988
3568
16543
12168
19827
2187
32113
12360
6091
26543
25332
21033
8234
32726
31430
2452
7575
27073
19913
28420
19805
17783
14872
16308
27417
25079
15489
6067
2415
5737
8307
14920
27581
3270
14880
19261
21909
29726
5226
4532
3772
3766
2108
28530
24948
24150
4092
18231
11951
14378
8121
27747
8405
19161
13738
26158
11855
7581
20020
32403
2826
3879
5990
28006
25293
14538
31935
3108
24374
8158
25285
19601
456
5748
15079
19649
12924
8947
16847
18537
1325
7778
22263
9214
17767
8021
12457
21582
6007
12603
22139
30432
9657
18814
4655
4231
24501
2346
28393
23139
27678
29471
16486
1822
7378
19931
9368
18733
31694
27108
14242
9793
6072
3488
10849
27102
9789
6938
7288
11042
764
12598
8969
32163
699
27809
28734
18181
24739
16056
26200
14955
1871
485
7811
28669
27832
20281
17692
32714
23069
30952
32410
24688
8311
4791
23343
12624
8970
15801
648
30918
18365
26414
14745
4007
16087
25056
3290
5790
12497
1702
18532
25348
19008
3573
6153
18921
5058
38
27890
11074
14965
2159
504
27661
27246
2831
17286
21984
10072
9506
32301
28415
18245
19544
32302
22205
24303
27500
8261
19186
12254
27090
5277
6574
3440
22458
14416
26307
14002
7397
23648
23075
21600
4390
31806
31758
17303
4721
29638
28132
26187
3936
13308
5503
26159
28038
13019
2045
8874
7592
21692
24416
29398
1782
16387
11114
25800
15996
25681
8332
6884
6920
30758
12162
13489
5796
10419
17343
1276
570
31790
24772
7263
16961
2375
17527
3838
7526
14513
5854
27414
13795
27270
19403
11947
4863
32021
15088
6970
10429
14788
9353
31462
16278
19803
28602
30271
25290
23718
13569
2284
30104
3794
8896
16276
26657
3635
24956
20794
4169
26453
8463
10418
29270
16025
32614
10110
29284
9319
12774
14824
27301
11936
18017
18088
31091
9813
26468
7088
31663
25028
16127
31979
1483
30850
17773
19632
22509
18550
28769
7404
8819
31751
20944
30733
29790
26822
16000
27301
8704
1382
5549
16335
29475
23037
13340
19398
31122
13991
15278
28821
31036
29466
30443
30631
13524
28610
26390
32444
7477
20192
7970
15690
8832
21586
32229
7628
1123
15291
17882
14484
17461
10052
7345
28518
17969
30727
26786
10307
31531
26637
22645
12315
2869
29181
24937
1103
6486
757
28775
12176
15175
28917
4417
28739
28217
5861
16736
11855
25334
23959
2466
13575
8535
7119
20565
20874
1166
12418
31645
16788
12543
24492
22503
23465
24075
25227
17379
3788
18241
13294
30413
20836
13001
20779
6444
28068
18430
5793
30331
9800
2428
28367
484
26933
24549
2954
27702
32611
5900
15073
18120
20556
24393
3542
34
1517
26321
19010
4421
5277
10586
448
4281
697
31007
1434
7824
18356
9714
30459
785
7857
13829
13392
18067
2097
32461
7776
21561
5011
24117
11711
12951
2499
11253
2345
735
7345
1805
787
779
2897
13640
12113
16031
268
28989
8262
32476
21697
9651
13464
6516
18678
17609
6868
30886
6985
9942
28773
10762
6093
16905
1136
30483
14681
24350
21929
32169
11833
29156
20489
17570
8113
15607
15661
4885
31701
1872
25048
1942
16655
26792
19585
21946
32071
1490
20763
26520
31651
15504
27460
2087
32575
15990
27570
11788
28770
25454
990
7443
29298
20606
15584
28366
21820
12894
29044
9892
6980
21972
3907
12661
7747
24798
24767
19788
29156
31454
22852
21769
32112
220
6128
14879
9039
14446
23705
29707
16497
5996
28491
27455
14308
31714
31480
21918
14638
9366
13257
28457
5281
13078
8307
682
12775
29973
1094
15789
30488
5841
10023
10455
23078
20106
4752
32719
14945
24932
9469
890
32513
24102
14227
22787
12537
31374
10053
32676
12576
23215
21163
12077
25861
24483
32651
16851
23984
3989
23700
17437
28158
26787
20644
32355
24649
31477
5165
29309
5404
14419
3709
26187
7368
16819
30236
32628
26675
9509
18560
5230
29390
25809
12663
6804
6609
3588
23242
23122
4524
25990
24219
20515
19366
21113
15323
19084
24119
4979
3653
4213
16541
19710
24871
6344
13144
6394
1526
7187
18558
31838
8188
14201
1583
11062
16743
623
3882
19235
11948
15689
14756
2369
24644
16020
5127
4351
6474
31347
28209
8604
17292
15760
2678
4477
25371
15614
2346
424
1352
23969
5264
21091
7206
17171
17198
9183
17864
1904
4798
15014
6953
18331
28064
28782
28690
25310
31578
7207
7470
31269
23336
24529
28600
28454
32122
1863
7643
22229
24239
26869
20066
20359
30594
5612
27129
4617
27398
4311
15706
4110
24214
6706
27907
13188
25755
21669
16891
30279
26182
8355
11
4153
16018
5349
2186
19429
1453
31755
26513
7752
26095
20079
2139
22155
29589
24656
18681
12633
2262
19850
22608
2947
25434
20718
512
9383
5042
21131
16640
7333
21813
20515
28953
25884
16573
27578
21001
9314
24030
14727
31557
9546
27318
538
17947
18670
18003
15465
15487
24419
3072
4256
16679
9016
20834
19532
17340
7818
6428
9091
11085
32083
11972
31982
5710
14786
13454
278
5106
13086
15966
18716
29142
27244
8695
13904
4554
5132
26551
27962
19813
18835
10738
3043
285
27779
19288
14099
4563
21151
7518
18846
19607
31234
29548
28239
20287
1848
7928
23964
1158
20857
10008
28513
27923
12468
8202
19405
14822
1948
17646
13359
13106
18997
32582
32014
21312
23711
790
15623
15512
26579
4673
10655
14352
28142
17151
13327
6631
19848
20271
13378
32311
27863
20958
27498
13256
18652
11141
27919
19671
26102
11836
11534
11678
9862
22489
16722
16337
22377
32045
23653
5798
9385
4808
13013
27636
3961
32265
18661
30033
29132
12075
1563
10845
30336
5445
7628
1724
17307
5682
19681
8970
3577
13194
25279
15091
32391
32090
25811
2722
25584
29433
30595
30127
30136
23609
18946
31132
14575
8567
14871
6094
31119
16927
11641
4312
12033
15798
14076
14354
29263
32081
4549
29491
23940
20879
8526
19682
16769
14300
28564
7841
32040
31957
22944
13810
27701
21664
31569
13906
7783
10706
19521
26885
30971
18417
22879
8519
25212
2667
15539
25884
24874
10657
10433
13535
26558
16430
21500
3461
20331
7254
11778
17022
13264
15317
28356
18067
6090
9735
17150
24833
13250
12073
30676
22171
2618
12490
31651
12261
542
13500
17321
16882
7426
9581
30087
11684
3269
10137
26097
24516
5668
20626
15996
817
16777
15641
23775
29178
4299
13789
4757
19392
20766
11140
15362
32245
11061
529
30703
7825
26489
24718
14454
6409
29071
9001
10965
12718
19363
29703
7821
29799
18250
3976
25763
25476
7756
15597
10882
25896
31355
22220
7874
31337
18973
29772
27926
7251
19522
24314
8409
18924
27327
17585
25418
16085
14317
19108
32053
30403
18263
30167
19902
16450
26034
19769
2178
21215
29466
21561
16977
9476
29548
340
32623
32081
5680
27856
6372
27053
7568
32496
30522
18053
29149
9839
27474
2688
13972
27849
18275
3581
2000
11983
23498
1119
9548
26259
24352
28067
14681
16022
7950
6885
20165
11117
11915
28061
15520
22417
6407
22483
31443
3914
3417
32754
18150
19126
20135
437
13460
767
2075
31812
29544
29351
28830
22538
9295
24276
2595
16758
690
4611
23431
14421
4721
31347
18281
29774
762
9823
17397
11491
16023
29749
25905
10229
4647
1508
5513
7175
16586
23289
21220
8279
32495
10739
19478
24229
18692
21003
11516
11720
17916
31250
31608
10724
2207
7188
3505
6796
6512
19940
353
12495
6944
31361
28714
12065
17617
6669
1427
6881
23640
19305
4668
29504
13123
7140
17680
15113
8757
7953
24642
26077
14189
7755
1939
5100
8954
2800
20516
11464
17965
31446
9804
27767
14242
18267
27903
2763
13916
3947
26380
26250
10059
22502
31132
6902
12705
7582
14966
16003
26863
22487
4638
15079
19703
9189
15118
24509
16789
15066
6908
19619
9569
22842
17931
16267
26978
16797
23543
31853
6959
30367
28124
10244
20846
11256
30627
3901
3065
18140
12974
4388
8109
28756
19538
28570
6938
974
28725
665
13704
17837
6762
25653
6532
19641
13623
30600
15038
14180
9536
27251
26085
17712
11323
5113
31556
1155
21436
3246
19598
11804
25130
2556
21671
26483
2386
5731
5455
13994
12033
7355
22264
29112
9703
4932
4148
100
25843
15804
14133
5841
8097
24030
20301
2241
4214
1735
8031
27675
4310
11564
21582
31372
17903
4195
32527
31732
10395
6528
22907
28080
5281
2590
24660
982
31962
10912
8504
16324
13111
32543
5587
7687
4356
20442
8173
18941
10069
25051
14950
15640
11313
26595
16075
10409
10528
8852
16403
29788
1965
19096
1773
32032
5767
6786
27532
31897
30697
3350
26333
2496
19782
21894
8879
11305
24859
26393
17140
30453
9748
13780
6420
15147
14053
8266
1890
4452
5540
6186
3842
9040
32689
6230
29937
13605
23314
13338
17853
6348
14249
2576
20420
6816
10800
27195
2480
16490
9671
29320
27093
15722
14728
11710
22651
8265
21125
16128
19969
27701
12840
4677
10226
15153
13251
28410
5123
8088
348
23584
3407
6891
1859
31183
10992
11945
2895
14643
7562
31773
2015
28424
6104
3014
5151
10518
9289
493
5819
19
4671
7796
2521
13495
12728
27831
5677
3951
1746
28582
16851
11738
26141
9906
20066
20494
28162
3554
5262
10189
18702
25655
6698
2515
16975
5234
847
27142
29549
22124
2568
19868
27291
5400
841
29143
11722
25788
20166
32257
5080
5200
15160
7217
7216
20345
14977
6602
25375
15052
18509
29103
14029
29798
4174
17639
20727
10037
25366
22350
7906
20363
3091
4057
11313
8826
7046
12574
18250
3161
29186
7188
3448
28655
22897
10799
6674
18134
23624
18685
12884
30529
546
12244
24191
16397
26198
15270
15603
6019
29451
10226
14423
10188
30326
24752
1862
9525
30305
13524
9546
25891
8903
3778
3247
25076
13172
25016
7235
5500
14199
2849
24964
31968
8894
4001
16921
19403
14825
13009
4448
29192
15054
22846
14189
6035
23059
18191
21239
9267
27783
25381
23715
7843
12427
10337
6213
14481
30861
15193
6416
1651
5427
27817
30449
6252
2579
11642
647
4715
26820
19264
10859
5327
18188
919
25455
24436
2275
3627
23500
23602
6857
23591
19668
18358
19657
29178
10235
4129
4639
31667
19561
19276
13453
21812
376
11554
28166
5556
5349
32603
30067
5439
32177
15224
8411
19182
4547
20789
9209
23689
25623
30859
16304
1300
12249
30627
17313
12724
31337
11115
10737
19463
8649
17763
12931
23445
26374
27311
22181
16549
17511
32662
7357
26436
28001
6486
1075
32276
10557
6202
16838
21108
6959
21409
16594
17365
29634
27835
4200
30955
23157
2907
14499
5681
2374
30145
2018
18478
27636
4064
32584
2570
24660
19472
19958
219
29932
22356
27768
25694
12367
13343
3472
4773
24344
19083
16548
9436
13041
7711
24534
4760
1605
25757
8209
32622
14705
18594
9840
14335
3797
6991
12768
3108
15216
29590
11468
24357
11898
30274
14742
21683
1326
14911
8895
22532
14319
20733
16743
5164
4147
10972
7335
21479
11196
1451
23945
3639
27161
13781
32239
952
32593
27993
13085
27917
12642
29299
9271
15832
2269
14201
11463
31537
31509
31916
16681
6836
26394
13791
775
1665
18124
17172
30389
1898
28197
6105
18417
27620
32737
21136
4797
24319
22558
15496
16293
15435
2642
20100
31191
23347
7872
31644
25849
29429
27389
19985
5895
30427
30097
19564
9062
20011
2954
18327
12068
16917
19239
5934
4468
30618
27873
31534
15667
3860
9039
17523
10106
30345
25025
30232
19617
13772
16125
6685
6885
2534
31542
22969
9976
15123
3054
28274
20953
12846
18467
5370
32529
25904
3238
888
32052
32431
12641
717
4370
24864
19489
15048
29838
24440
4298
1015
3815
4426
26607
21991
29255
21124
13342
19100
31101
20212
5225
17677
12115
7147
32468
21389
28844
2331
3677
16796
13209
12905
19160
23015
30700
29959
28811
4326
10728
26195
3615
20710
32289
32164
29621
17985
9487
21564
23306
15993
14559
4597
13974
24409
7182
4388
9507
20544
29153
1850
8533
4532
7299
5050
29633
22477
29792
2709
4243
32205
23862
8854
18085
12456
17135
1802
22188
25069
22259
3424
23803
8852
25259
9945
12405
4842
3445
9671
25156
14495
32211
23698
13567
3533
17365
31289
26029
26376
2380
6110
8235
2242
18555
8239
14021
6029
28743
29285
8272
1172
25018
11491
9120
5691
13320
12056
3713
3364
26911
17646
6734
21212
17651
19751
2178
23451
16847
8834
18721
13802
18644
3221
21604
13298
29207
27450
31031
11486
19531
550
10749
31461
32593
17514
16457
10069
791
31434
5657
4786
9804
775
30432
9848
18671
2229
26984
21604
6429
29974
15085
30163
8048
6952
682
9645
11943
3762
6499
31901
18429
2598
3156
6959
24645
3889
74
22710
25352
24125
16600
30895
25279
15163
26839
17983
6872
8451
2928
2317
518
4011
20765
3312
484
20328
4096
7559
25228
3532
3446
28605
2329
907
21744
12962
31189
11953
14192
23895
7738
12446
2096
17269
22140
2867
26274
17672
25470
12389
25320
15261
32604
19410
31439
198
29591
27839
19319
6044
10280
5874
4599
5917
15175
27421
24358
22138
3154
485
3370
29605
9057
23460
2520
2070
32288
11974
30602
24309
25056
29277
1786
21805
13932
4400
1794
20524
18619
7609
14020
19413
19446
15252
5971
27005
24032
15839
9460
18181
21101
11908
879
19234
22554
20999
26752
26908
21995
4286
26082
1254
26170
15402
17329
29386
21539
30541
6375
3094
13115
7790
6821
27558
32465
8766
24382
31914
23202
31906
12412
28610
31482
22049
25292
3755
11034
29933
11154
16964
13556
18358
15336
15687
11884
28550
447
16518
29333
23520
8720
2961
48
6119
3063
20627
10967
17915
1653
14796
14033
5666
20251
15243
28912
25542
12089
31884
5687
13344
29766
32052
15329
29416
6403
20030
32000
19415
12052
2532
9306
19185
25867
24352
32018
25810
19298
24507
16036
22336
2018
8998
13681
13687
17485
26370
23176
17791
22805
4448
1830
4733
3336
10458
12608
4731
6835
14337
5628
7846
20148
16431
5174
4088
7643
24248
19654
6943
15799
5351
7774
21221
29083
19664
17782
6895
28942
32032
32582
7046
7887
23064
13409
1950
29429
20516
4394
14616
6152
22643
1735
12673
22234
19264
30156
24432
3889
1767
18985
8441
29813
23096
20826
5631
20059
26763
21382
18233
12030
26172
5816
24762
2761
28749
29285
25927
21150
22854
18253
27453
4187
3745
17990
28031
19169
14003
27889
8147
11385
3210
29493
29636
2269
6987
10597
17705
19400
25047
13307
29184
651
16131
1546
17068
29163
9824
14696
7720
30270
13935
648
24381
26010
5965
30040
13702
14426
21117
16962
19353
32576
31703
5297
9760
12176
13940
21612
21324
30648
3920
3583
1244
10061
20980
3918
29369
30929
32548
25792
8628
21637
4012
10483
6645
24045
19834
20434
11573
19490
9414
4415
26587
4906
30663
28645
21091
13582
31065
4586
22888
24150
1323
26762
2348
18308
27162
28462
4181
5470
11101
5909
5107
495
11608
18857
21205
27086
3221
23152
16365
15750
23218
8611
6787
19804
10586
7879
22974
6445
8229
1311
626
25297
24882
29540
20316
32096
18030
9553
11384
7268
3708
4358
23866
12722
20431
27803
266
27933
19717
14730
27447
2976
21785
14332
13882
14913
20606
15403
28457
14842
4189
7206
16310
31211
23369
28071
18301
3291
17348
8629
5289
3028
15135
6383
7265
29659
24551
800
29680
28487
20390
15841
12057
15869
28255
24836
3149
27519
3074
13317
3653
1206
7348
4230
2825
16310
3430
19563
11723
15367
9573
13427
3045
11950
22620
16382
25434
25968
28090
1262
20951
14934
1320
10524
12588
5967
30033
27671
32694
11934
13145
24603
24762
7196
18360
18892
7470
25864
5199
3264
14593
6571
24856
14760
4022
15359
9268
11901
11603
17490
7297
10057
26451
21437
18801
16268
18960
11668
30924
24739
3645
29385
5938
7383
6933
16043
3396
16794
12781
4671
1042
959
17881
27434
13898
28936
6574
4947
19707
12348
27230
31706
27195
5107
23372
6713
12760
14052
1959
9188
9496
1476
12349
15498
11622
11681
30570
30995
10883
7342
10068
11386
15244
1563
5667
10138
8202
17868
486
31495
12767
28
31411
19474
28810
8989
3315
398
21049
21970
8132
11865
3921
14934
9669
21804
28542
32630
22503
9166
19079
15857
18840
20079
1616
11109
15339
3479
23755
23226
3212
23650
30319
10368
14154
749
27733
24879
3019
1850
11897
17023
16310
8779
6953
25349
32552
24614
15088
11454
4094
14901
10628
28263
25532
4339
4705
24319
30880
28643
29161
21883
12369
27492
18012
28592
13389
24581
14132
31437
21670
15561
326
22932
23462
13212
3750
21014
16712
10938
21639
5916
23027
653
13010
19816
975
19567
12749
14555
28688
24846
5425
4152
29007
14512
24964
21632
29620
31483
17699
15537
24259
11726
27887
6810
17420
13532
12942
25815
11270
29192
4629
31103
19264
31903
25593
9900
12406
25880
26463
12378
4302
87
9825
927
2657
6176
2020
17950
3815
1544
6413
29874
6772
26482
2849
24719
27225
21165
9064
19419
19997
11031
11985
22626
17052
22312
18904
17605
967
14221
18765
521
29500
4990
22048
11622
20458
18043
880
23448
3841
24493
11645
8271
19942
5503
29523
7760
22031
5773
18962
10464
24453
13554
7475
13799
29387
17161
18343
31802
1310
10870
22169
6170
6611
4613
18848
18827
30297
2123
6883
24320
8966
6914
29006
1135
24602
9390
23365
26925
20610
20545
5135
8432
8834
24231
25351
8537
3725
7502
5959
24215
19788
32403
3171
29661
23474
9189
26576
23750
6637
16025
23534
15605
6503
22734
27241
20982
10244
16931
13736
20297
27026
13162
4640
8516
8651
25816
25903
14321
32144
17227
9386
25715
4811
10580
1033
12008
14291
9042
457
22521
26894
23637
28342
14646
24860
18542
28381
9767
6651
20253
16038
11934
19779
12135
24712
19046
6003
20079
5836
21686
6491
24099
28740
15179
5575
24963
2239
24685
18845
16379
18027
19948
24572
24361
14910
6077
7172
2952
17250
30533
495
5022
9518
14275
10330
1224
5825
8276
6492
11107
17863
23700
14211
20974
10647
21166
29708
3981
10731
24738
2059
15305
16971
30569
18972
14614
5890
13537
20352
55
14908
31406
28049
1418
26784
7113
26634
17871
18318
801
3202
31626
19607
11028
564
22193
22234
19464
17032
3859
28370
20066
12044
31208
13903
18220
22807
9944
24803
31776
20276
8405
17474
9674
5967
26866
7249
16921
18888
6325
12646
23188
18399
18691
6048
19458
15653
29677
3259
4610
28621
12862
12129
18220
29499
29936
1095
29608
23351
7059
6868
31092
3313
18537
2996
6752
14683
12675
17064
25031
28699
15148
26195
29781
6281
30355
1112
26589
14569
4125
9370
7382
26852
6007
25094
7327
22476
27832
80
17997
14325
27975
6653
2752
5729
625
2181
11067
29640
8948
30769
7407
27229
16987
15783
22924
13312
3106
21785
13015
32017
13821
15087
23275
16811
28798
5162
1077
27844
21932
16715
27840
1006
18840
17004
29859
20684
8291
7438
13248
21097
16713
31387
31373
4145
20632
24523
10706
24715
32336
31960
2025
11988
1944
20024
26456
30921
1961
6886
19150
22626
20860
20397
1610
3793
809
10520
1444
3944
13566
17619
17308
4245
31681
27616
25288
5713
22024
1391
30394
21597
749
22361
14326
14007
23336
15982
32159
1775
2906
32453
24952
25408
17578
7515
5490
8653
27027
24845
19943
12175
32377
2126
29955
21254
684
7605
2972
32405
6504
20026
1087
30086
32369
27146
23600
31264
31213
4256
5551
14939
21432
12809
5257
30887
25858
9856
20622
27862
1956
30847
3113
8639
18017
23855
31805
11533
30537
2816
30162
23040
26277
32555
13733
4462
5825
11397
4736
26586
25425
1092
12647
7212
25802
11878
1765
23766
4724
14227
27525
4870
16350
16123
8966
32698
23482
20805
10871
14299
26134
21485
3478
11402
21793
11313
116
1973
8892
11135
25832
26796
17601
5917
9478
19442
7061
9970
4564
20235
31446
8026
899
18958
6382
23234
8494
10204
7544
30224
16709
28527
3028
22881
18244
25942
11457
1612
4082
32195
11005
4220
24633
26712
16208
27279
2545
384
16173
16491
30983
31065
4597
7309
15480
9951
6322
8779
17517
11181
13076
12606
8980
5055
2650
19919
8536
19716
25027
31800
30476
29677
7896
11269
7132
25785
26273
11080
15300
25810
23345
4952
14096
8632
2066
414
22527
17865
15476
12755
19761
29310
21862
20136
18793
24710
16278
25596
30045
25599
9906
11056
1482
21838
14289
12573
5896
21566
28544
4102
21032
5654
15253
1914
4496
17276
21590
8020
4278
17169
21718
21494
4264
21738
29516
17751
11200
31739
23460
10658
29121
3206
25977
5607
17557
17608
31123
26502
13294
10800
24090
13636
20775
31436
4884
21921
28298
24755
14303
14079
26512
18063
5367
337
17429
25621
28377
3357
2154
2574
31025
23342
30069
9356
10847
1650
22918
13302
1029
10477
6551
12927
21825
17381
16062
26263
28824
18616
20031
20859
5707
18501
1406
17863
13555
2028
13263
1410
14404
10457
4278
26117
4841
15770
29225
14584
19849
31963
20009
9814
2811
3153
27700
10149
1581
16418
10002
20006
17931
18489
19603
27286
30208
13113
16178
18623
7243
13631
24579
12747
22201
14213
21656
26170
8130
21081
31204
5707
25698
12709
3188
16788
3567
1848
8391
13766
13571
13674
519
17347
28238
2917
24213
19079
14438
21130
3044
28819
168
24510
24945
29085
15810
16631
13804
15567
24713
3600
5445
15908
20269
16069
7676
15012
4984
29411
28546
5788
2818
31770
26787
22050
6852
24124
24224
10499
14669
3623
21472
22786
23604
31678
15507
3465
18174
30940
20852
15679
12083
5404
9294
15140
25638
18370
22701
7942
28054
12503
7563
21744
8326
28840
25433
16298
27208
22053
28187
28467
17278
11888
24688
8953
16935
24514
27695
10581
24773
26853
26896
16995
9080
24221
24277
7477
10919
31731
17891
30783
10755
20917
4801
31620
25818
32286
12793
31335
14117
4300
24610
3902
27759
15032
12715
451
30721
22170
18658
14232
11205
17805
22124
4659
29569
17283
2643
4725
27678
28359
29235
7855
19690
15203
14449
16127
1707
1293
24145
21851
31362
12411
11707
29836
15050
25091
27121
2618
2021
10824
1760
28
25815
5790
1962
20026
1787
28993
1139
15880
21037
16178
11053
24631
31761
7629
7577
28776
28340
9499
22476
27938
6423
28135
13140
11595
13574
15282
28413
29137
5244
11161
29625
20670
5987
8266
2210
1047
21408
21851
30974
3244
20159
1821
10385
1394
18189
19655
30397
8866
1575
2787
28682
26212
2146
3780
8625
7276
5244
7164
4940
1083
1235
4600
867
30661
29636
6257
20508
32314
18018
4017
18996
31126
7765
2588
31680
16531
14597
13143
29364
25458
2411
9722
4328
4363
4615
22959
16309
16500
23123
10990
12679
18733
999
25695
15769
21318
15642
16896
16339
24014
22708
15238
9918
24271
1779
24959
9739
16017
18989
1891
8480
23166
15045
9840
10479
10280
30531
4137
13325
6358
17700
30805
27609
10509
19224
16558
8742
7019
19854
22916
9355
22513
19497
15436
27475
26609
15796
5922
22614
14437
8526
13278
4742
23826
27412
18813
25751
10428
4164
2277
16333
32694
21496
1660
212
14521
16764
29212
23892
1857
23409
1726
24300
30264
13284
27815
28653
1765
20179
10654
25642
22957
10921
30042
15696
32532
22251
5475
19377
8355
23727
7780
29090
6211
32163
32458
16729
2660
22409
12499
10601
25332
15776
12594
28431
30301
338
21714
21194
9022
22528
2408
21876
502
28276
9217
2265
8757
32064
9810
2337
10547
2630
14253
769
5182
13021
8628
2842
2961
7586
7008
2933
26723
29378
31987
24208
31602
20608
23980
4180
20702
25717
29111
21622
12826
30314
21779
28763
17641
26152
27345
26474
2303
21877
18225
10089
13418
30182
9118
948
16573
24021
26777
25284
28837
12109
11215
21016
30915
4502
18126
8043
22482
16046
27975
2357
18447
8994
23333
4909
10927
26645
30518
11980
8214
13244
8367
4921
17943
26769
18257
18689
14325
32706
22303
24097
29289
31991
6773
5563
30212
8319
7171
22573
16541
11015
7647
29700
25746
25804
22062
8706
519
25741
11686
18430
9013
3915
13523
16686
22702
19970
12223
17628
9763
1485
3172
13558
18612
17586
23961
2325
1517
20853
2064
28634
9227
6317
19164
3027
31020
21875
14960
19365
2743
9316
26790
5520
16448
27722
9033
24454
30168
25303
18229
2850
10369
20045
23230
20047
28511
26906
32338
2359
13099
9660
1085
718
26427
30453
30858
19043
20394
25185
9748
4872
11875
8749
22124
3769
23898
2889
15794
16627
16194
23420
19311
14411
2815
15688
3440
23079
5112
20792
24136
3957
8513
22718
17969
2266
23971
6380
2422
18780
22043
12978
8609
10325
1928
6031
24807
13899
14667
5007
23542
16190
13449
18876
11233
682
15889
1525
19438
13492
25894
25582
17092
3095
23634
21454
20554
24645
1223
17545
13767
21198
2885
6780
28410
9629
16296
24632
21666
11702
17766
22206
9292
8277
27964
19771
3669
4026
14293
14283
7521
31198
11692
5033
26409
30459
9777
2824
22945
4620
29605
32507
13826
29921
15377
13781
23014
20147
28548
6850
24962
29164
6258
4269
32480
18996
16368
868
17247
13225
31018
21563
8707
9990
11290
3460
1742
27406
2073
23702
9972
14083
28947
23633
2136
564
24864
12502
23337
14535
26969
29091
15989
12644
15266
12498
31561
12409
4771
24783
21815
12678
30639
22757
26293
6891
3320
19185
17373
6935
10775
9676
11077
26858
12180
22355
25055
8057
27155
11385
31501
25442
1898
28591
7482
5630
10797
10798
31664
13334
15675
2873
5282
18233
9653
14529
23467
2259
10878
4118
25890
23439
18605
3090
16148
27788
2589
20671
31446
17519
990
2135
19269
20352
8273
23426
2837
24842
3348
19119
26504
23316
9109
23841
23986
10315
2642
16260
18616
25874
10828
12275
17430
17895
28617
6033
31387
4439
7097
12580
21723
5999
13725
3628
3639
562
27038
19041
25405
25431
11647
4969
9845
7191
26252
6304
2714
19746
4412
15610
31456
26291
5547
11120
7613
8703
3670
1139
18402
25886
27841
10707
12661
18253
23869
4924
1348
27221
16345
2237
2390
2439
14417
28954
13875
3116
27055
32543
6351
26954
18677
828
9748
13747
11767
24404
23647
1902
1013
3741
8991
7826
15616
6147
16787
27085
16003
18747
29814
16381
18332
3818
28805
20985
23471
26837
7658
17058
20605
23977
19448
21196
2438
31416
29101
25014
20178
1106
20666
16857
25850
32525
20594
17097
17879
31519
31943
15487
27937
13028
25169
26636
7973
3243
29723
16924
4829
12406
25409
5658
10838
19366
10134
2353
19901
216
10518
1009
1785
31082
18473
22503
23025
4830
29712
30978
13756
1365
23730
22123
21054
13056
30411
13028
24608
8889
16059
16049
9106
28564
10087
12463
27312
30605
32611
4810
26837
16292
24255
2686
6174
6637
29749
27244
30783
13160
6544
6987
6092
2591
12601
18835
11455
28590
22321
7652
6744
20977
22151
24617
17766
31997
28513
7909
9203
17217
3206
3216
25415
8371
2147
17282
19537
2839
20671
28866
4356
29001
19208
13660
22044
30690
21529
22461
26637
22537
24096
15286
28886
13123
13563
9767
28290
17556
32652
7921
5549
20855
8291
8088
3790
20137
3455
19278
14971
15686
29800
4042
21057
22905
24450
4405
25273
32703
29777
10389
11065
21926
20926
12192
30369
30285
5045
11398
28424
14113
560
23311
31608
19802
3618
12483
30988
18655
22841
27748
25728
14293
17575
25562
21549
1591
9392
19170
27567
28991
7017
11565
5149
21346
3086
7344
6558
7558
31628
17169
17090
30311
15614
28282
19110
6693
12276
5764
4358
28090
6889
23265
6295
9267
25137
18602
12715
29075
9401
3099
25666
30008
31506
9908
7253
23339
8689
4386
10227
24386
5222
30324
30705
15259
6494
15304
8860
30107
26380
5797
28937
19985
25823
7410
879
11826
7185
32148
23178
27509
1152
8096
25841
18402
6369
411
6126
15164
1373
22699
26360
30948
1249
9066
15405
24858
18382
22190
2815
14527
12135
18607
30460
23976
2308
1825
22331
5238
10625
6168
9659
24663
16280
14594
21644
24920
13030
27053
10824
12782
11909
31095
16407
28277
8455
32279
26590
16875
21319
5826
16055
13006
20526
22836
7124
18370
24200
22483
3356
26726
21529
26973
2908
26470
7398
31892
8174
3390
11788
27493
27858
28551
19927
8062
14125
7879
26157
14716
18270
14074
4187
27412
17563
30597
298
19124
14009
23898
26096
7442
16993
5987
689
29984
14035
9628
19385
493
6975
7733
30230
24576
28088
30074
18339
17341
26215
19187
21222
14421
5504
9123
29810
8198
16256
11280
2098
18577
731
21492
28029
1688
13667
17221
9165
10953
5995
6485
14704
6171
24293
21996
18420
16422
7393
9853
30682
15218
24930
9378
11582
26001
26589
1100
29255
21300
12419
13662
21818
970
30394
23527
23369
28077
10512
31724
5278
14793
24889
2632
23529
15074
27862
31413
21528
15555
20703
32507
24443
18925
17354
17564
8715
17208
16985
6826
20742
5765
5799
31722
31344
28347
26582
20135
3632
3556
11617
30365
6064
22779
32032
5782
11876
22536
13426
31731
22207
23606
5432
23595
20287
1575
17983
9125
31094
27450
25257
29778
29419
31710
19873
10256
27268
18817
26966
20691
28126
26840
26832
25872
21756
11583
22003
32230
11463
5960
17834
21576
31983
2212
28148
21168
24512
28856
6924
22587
13150
32380
10867
11713
13594
7010
28560
12671
17577
28962
5531
18216
26130
22380
7124
16150
4831
5454
881
5977
11347
19823
27386
26808
17172
12429
5942
8763
3394
2461
25076
13181
31871
13112
27677
15790
3068
8758
22913
292
1057
25836
6995
1419
16493
27739
27567
30677
30918
23014
10588
2073
17428
16234
1861
30318
20850
21843
5399
22650
24692
10482
27272
11151
32195
24589
18149
13436
1771
21051
28889
32242
26113
4747
8234
21859
29945
17816
15505
9233
32545
9983
1086
22223
29744
7000
1590
25488
14580
22770
16329
17983
1153
27318
10979
23400
25351
3722
16113
24216
839
1117
21141
23796
13491
3773
28090
948
25187
11483
3642
24472
19565
21185
21791
2128
28453
11179
5077
15736
15532
27395
24149
24931
26643
28572
13455
16851
17115
28904
27352
19279
22572
32626
17693
19528
26148
6926
1786
10712
24843
13961
4695
25543
16010
10399
4408
20526
14819
2722
27100
13700
10379
11
3501
32382
21591
23574
25096
7574
10965
14947
25750
28584
12025
6208
17408
32312
26198
17777
21386
16140
18998
23269
13864
10262
28333
30003
15858
5701
25498
19395
11057
17629
22289
20118
12188
26329
32289
30844
15872
5946
7909
29714
2341
6825
9536
25028
24839
23239
7368
21705
7987
9815
30594
20877
20144
17948
32284
3321
815
14949
5283
10591
14624
11915
1492
28623
13774
7467
6652
13830
7696
30912
8946
520
6960
14012
9067
1744
8015
14638
10570
31932
14268
17156
24290
8745
29337
21617
6925
13649
790
19343
18368
20380
10532
21191
21625
9438
4423
9188
28099
22507
8929
12831
16026
11953
15420
17437
2439
12997
31244
29608
30319
16114
8946
27817
32284
11261
14247
32670
31763
26112
13851
28343
22845
29171
16790
14817
10941
3578
19248
3787
25919
26241
17965
31987
23343
13730
23848
5360
20855
9876
4927
24791
2371
19889
24776
6312
28267
31497
17218
22461
22682
3670
25889
5379
17865
20051
29224
27735
24712
23000
20560
26294
714
15249
25156
6896
21295
29266
2270
24489
32381
2291
23319
30531
1862
13219
15192
12982
7510
7755
30830
22901
25808
22001
25683
11267
12281
18407
12302
3109
1106
17700
4862
14998
8033
21057
1304
14012
6966
7622
26692
8766
27126
26965
31190
29690
19220
12887
15705
18414
9217
4347
31440
7435
5325
17793
20106
30848
25555
28587
1979
9298
11993
1063
23337
5885
25898
26511
9886
2667
17518
15480
16336
11545
2780
15212
23353
8645
24530
10703
31309
32744
13963
6840
26471
18833
3660
30644
27990
30084
333
17123
25237
24758
8767
13277
16288
23333
32274
11744
7583
251
2981
21510
11871
9543
3018
10061
31528
17428
14889
4623
25405
536
9911
23719
30874
3542
13443
12059
28571
21091
11048
7312
123
25445
15202
16536
31748
6861
14121
4207
15879
25377
13053
23978
30340
6169
12715
9453
1489
5865
21223
3183
929
28064
16568
4106
18275
27324
3760
28141
11807
13838
29447
8332
26703
24141
21965
21867
15108
23220
32383
31813
22417
14365
18571
29620
31141
30710
24283
14497
3722
17713
13214
8101
18097
19004
26625
30247
18092
32359
18937
14356
32413
16514
14491
4726
14616
31654
3078
32721
12120
27851
8361
3253
27175
31857
8830
19072
22032
27217
7942
458
7722
9140
23575
3399
27820
18743
27557
28843
18329
10817
15012
14299
20090
31709
8740
8441
168
18744
13014
20092
21350
9887
18411
25262
27484
16016
15263
6824
19014
29376
31113
15735
29578
14613
25980
27609
8912
20722
3492
23300
6730
11993
26200
22078
12702
6456
25793
31200
7268
7736
10767
25452
28328
10855
8500
32275
15054
32429
19843
29106
2726
15352
16256
6521
32301
1421
12884
18399
13461
32687
1497
4681
8157
9919
27981
4686
28164
1550
18520
15762
22912
2408
25145
19528
26488
7729
23604
3966
19962
3574
12561
30065
6480
30017
16639
26682
26849
26935
18244
6929
8106
6063
11984
13779
32534
10477
32177
6509
26654
19101
14922
232
24056
28331
29022
12259
813
11078
16023
24459
18370
14457
18532
21503
22843
27186
18470
28304
24157
24750
32445
181
15581
32318
14567
27611
18382
21071
25950
15417
29617
16583
31253
10974
4819
8113
26617
25880
18100
6342
11565
11114
27059
6788
1646
25159
18496
2682
28858
30083
2546
19147
30463
11280
8121
23983
13543
1777
29293
10093
8516
21739
18212
19560
23895
22655
21951
3747
9433
22292
16562
9603
24319
2970
19479
10537
28746
19243
19099
23457
19886
10499
20896
3642
8641
20902
12268
24042
26562
9791
7535
5148
27322
31026
28485
21132
14387
21041
20702
15990
25940
10013
8210
19548
24958
17123
28787
25058
28431
31379
4152
32212
8867
18401
13463
29364
9625
14965
8078
29738
7044
15615
11608
3459
15094
16549
14783
22865
3116
22501
9065
29822
18749
7279
31687
30351
26829
3041
13206
28680
25609
18981
7117
31331
11551
28736
16086
6573
29784
6223
17991
14798
24218
5701
14491
28131
45
26729
25481
21847
5570
8225
29634
32358
6281
10202
12378
1220
14569
31008
29108
11467
5731
25347
10137
22636
25470
1139
19810
10717
12769
22673
28732
9826
4735
5051
13641
3238
2481
7288
18533
32081
3431
17261
1540
12492
30402
5163
14558
8686
26826
29915
9576
27502
17113
23646
26414
22871
13869
28443
30431
31503
25374
5839
19528
25866
8413
12368
29310
21255
4359
9834
21974
29621
9364
16884
7522
23869
32264
29895
22560
23269
16939
19097
10751
19312
29357
23383
29168
28138
25580
14435
8310
30660
15644
11721
1437
18884
7754
16070
25507
13503
4776
9827
23264
20572
4758
3676
31977
26367
16123
9043
19358
5040
22564
22764
11243
31391
32569
18821
22627
3250
22596
4067
15283
11905
25545
26355
4421
30974
9833
31212
10220
16301
11981
27379
7310
21007
2442
7971
20871
6597
4281
8440
19603
25915
23621
30610
18026
12932
21798
29998
17673
28522
26519
7591
28212
15004
13947
27441
5735
6867
20636
21227
24860
20719
20380
12690
4672
26605
14841
25329
5409
19557
9727
16838
924
16664
22784
18058
11558
26008
7690
21696
21651
7134
25187
5407
32144
14967
5749
12802
17101
18939
18454
26519
9183
10355
16388
8749
23713
8346
7061
11241
1330
13025
973
20951
6198
23975
21243
9897
19570
31054
15000
6115
27830
27080
9390
29971
23231
32757
20309
3594
25235
31154
18977
23982
6906
19438
10388
17213
5841
18408
31032
7219
5887
31780
28479
18999
7955
28998
26588
19420
1763
27727
1002
10183
16557
17561
22590
5193
3782
11462
13185
12470
12070
13858
14767
17172
73
